(kicad_pcb (version 20171130) (host pcbnew 5.0.0-fee4fd1~66~ubuntu14.04.1)

  (general
    (thickness 1.6)
    (drawings 107)
    (tracks 2441)
    (zones 0)
    (modules 120)
    (nets 194)
  )

  (page A4)
  (layers
    (0 F.Cu signal)
    (1 Ground.Cu power)
    (2 Power.Cu power)
    (31 B.Cu signal)
    (32 B.Adhes user hide)
    (33 F.Adhes user hide)
    (34 B.Paste user hide)
    (35 F.Paste user hide)
    (36 B.SilkS user hide)
    (37 F.SilkS user)
    (38 B.Mask user hide)
    (39 F.Mask user hide)
    (40 Dwgs.User user hide)
    (41 Cmts.User user hide)
    (42 Eco1.User user hide)
    (43 Eco2.User user hide)
    (44 Edge.Cuts user)
    (45 Margin user hide)
    (46 B.CrtYd user hide)
    (47 F.CrtYd user hide)
    (48 B.Fab user hide)
    (49 F.Fab user hide)
  )

  (setup
    (last_trace_width 0.25)
    (user_trace_width 0.25)
    (user_trace_width 0.35)
    (user_trace_width 0.5)
    (user_trace_width 1.27)
    (user_trace_width 2)
    (trace_clearance 0.2032)
    (zone_clearance 0.25)
    (zone_45_only no)
    (trace_min 0.2)
    (segment_width 0.15)
    (edge_width 0.15)
    (via_size 0.6)
    (via_drill 0.4)
    (via_min_size 0.4)
    (via_min_drill 0.3)
    (uvia_size 0.3)
    (uvia_drill 0.1)
    (uvias_allowed no)
    (uvia_min_size 0.2)
    (uvia_min_drill 0.1)
    (pcb_text_width 0.3)
    (pcb_text_size 1.5 1.5)
    (mod_edge_width 0.15)
    (mod_text_size 1 1)
    (mod_text_width 0.15)
    (pad_size 1.8 1.8)
    (pad_drill 0.9)
    (pad_to_mask_clearance 0.1)
    (solder_mask_min_width 0.1)
    (aux_axis_origin 0 0)
    (visible_elements FFFFFFFF)
    (pcbplotparams
      (layerselection 0x010fc_ffffffff)
      (usegerberextensions true)
      (usegerberattributes false)
      (usegerberadvancedattributes false)
      (creategerberjobfile false)
      (excludeedgelayer true)
      (linewidth 0.100000)
      (plotframeref false)
      (viasonmask false)
      (mode 1)
      (useauxorigin false)
      (hpglpennumber 1)
      (hpglpenspeed 20)
      (hpglpendiameter 15.000000)
      (psnegative false)
      (psa4output false)
      (plotreference true)
      (plotvalue false)
      (plotinvisibletext false)
      (padsonsilk false)
      (subtractmaskfromsilk false)
      (outputformat 1)
      (mirror false)
      (drillshape 0)
      (scaleselection 1)
      (outputdirectory "Gerber/"))
  )

  (net 0 "")
  (net 1 +5V)
  (net 2 +3V3)
  (net 3 GND)
  (net 4 "Net-(C5-Pad1)")
  (net 5 "Net-(C6-Pad1)")
  (net 6 "Net-(C13-Pad1)")
  (net 7 "Net-(C14-Pad2)")
  (net 8 "Net-(C15-Pad2)")
  (net 9 "Net-(D1-Pad1)")
  (net 10 "Net-(D1-Pad2)")
  (net 11 "Net-(D2-Pad1)")
  (net 12 "Net-(D2-Pad2)")
  (net 13 "Net-(D3-Pad4)")
  (net 14 "Net-(D3-Pad2)")
  (net 15 "Net-(D4-Pad4)")
  (net 16 "Net-(D5-Pad4)")
  (net 17 "Net-(D6-Pad4)")
  (net 18 "Net-(D7-Pad4)")
  (net 19 "Net-(D11-Pad2)")
  (net 20 "Net-(D9-Pad1)")
  (net 21 "/UI Leds/LED1")
  (net 22 "Net-(D11-Pad4)")
  (net 23 "/UI Leds/LED_DATA")
  (net 24 "/UI Leds/MOSI")
  (net 25 "/UI Leds/MISO")
  (net 26 "/UI Leds/SCK")
  (net 27 /LPC1768/NC/TDI)
  (net 28 /LPC1768/SWO/TDO)
  (net 29 /LPC1768/SWDCLK/TCK)
  (net 30 /LPC1768/SWDIO/TMS)
  (net 31 /LPC1768/X1)
  (net 32 /LPC1768/X2)
  (net 33 "Net-(D12-Pad4)")
  (net 34 "Net-(IC1-Pad9)")
  (net 35 "Net-(IC1-Pad11)")
  (net 36 "Net-(IC1-Pad12)")
  (net 37 "Net-(IC1-Pad13)")
  (net 38 "Net-(IC1-Pad14)")
  (net 39 "Net-(IC1-Pad19)")
  (net 40 "Net-(IC1-Pad20)")
  (net 41 "Net-(IC1-Pad22)")
  (net 42 "Net-(IC1-Pad23)")
  (net 43 "Net-(IC1-Pad24)")
  (net 44 "Net-(IC1-Pad25)")
  (net 45 "Net-(IC1-Pad26)")
  (net 46 "Net-(IC1-Pad32)")
  (net 47 "Net-(P1-Pad6)")
  (net 48 "Net-(P1-Pad5)")
  (net 49 /odroid_conn/ADC_0.AIN3)
  (net 50 /odroid_conn/XE.INT16)
  (net 51 /odroid_conn/XE.INT17)
  (net 52 /odroid_conn/XE.INT23)
  (net 53 /odroid_conn/XE.INT20)
  (net 54 /odroid_conn/XE.INT11)
  (net 55 /odroid_conn/I2C_1.SDA)
  (net 56 /odroid_conn/SPI_1.CSN)
  (net 57 /odroid_conn/SPI_1.MISO)
  (net 58 /odroid_conn/SPI_1.MOSI)
  (net 59 /odroid_conn/UART_0.CTSN)
  (net 60 /odroid_conn/ADC_0.AIN0)
  (net 61 /odroid_conn/I2C_1.SCL)
  (net 62 /odroid_conn/SPI_1.CLK)
  (net 63 /odroid_conn/UART_0.RTSN)
  (net 64 /LPC1768/GNDDetect)
  (net 65 /LPC1768/KEY)
  (net 66 "Net-(U2-Pad7)")
  (net 67 "Net-(U4-Pad4)")
  (net 68 "Net-(U4-Pad6)")
  (net 69 "Net-(U4-Pad7)")
  (net 70 "Net-(U4-Pad8)")
  (net 71 "Net-(U4-Pad9)")
  (net 72 "Net-(U4-Pad14)")
  (net 73 "Net-(U4-Pad20)")
  (net 74 "Net-(U4-Pad21)")
  (net 75 "Net-(U4-Pad24)")
  (net 76 "Net-(U4-Pad25)")
  (net 77 "Net-(U4-Pad26)")
  (net 78 "Net-(U4-Pad27)")
  (net 79 "Net-(U4-Pad29)")
  (net 80 "Net-(U4-Pad30)")
  (net 81 "Net-(U4-Pad32)")
  (net 82 "Net-(U4-Pad33)")
  (net 83 "Net-(U4-Pad36)")
  (net 84 "Net-(U4-Pad39)")
  (net 85 "Net-(U4-Pad40)")
  (net 86 "Net-(U4-Pad43)")
  (net 87 "Net-(U4-Pad45)")
  (net 88 "Net-(U4-Pad51)")
  (net 89 "Net-(U4-Pad52)")
  (net 90 "Net-(U4-Pad56)")
  (net 91 "Net-(U4-Pad57)")
  (net 92 "Net-(U4-Pad60)")
  (net 93 "Net-(U4-Pad61)")
  (net 94 "Net-(U4-Pad64)")
  (net 95 "Net-(U4-Pad65)")
  (net 96 "Net-(U4-Pad66)")
  (net 97 "Net-(U4-Pad67)")
  (net 98 "Net-(U4-Pad68)")
  (net 99 "Net-(U4-Pad69)")
  (net 100 "Net-(U4-Pad76)")
  (net 101 "Net-(U4-Pad77)")
  (net 102 "Net-(U4-Pad78)")
  (net 103 "Net-(U4-Pad79)")
  (net 104 "Net-(U4-Pad80)")
  (net 105 "Net-(U4-Pad81)")
  (net 106 "Net-(U4-Pad82)")
  (net 107 "Net-(U4-Pad85)")
  (net 108 "Net-(U4-Pad88)")
  (net 109 "Net-(U4-Pad89)")
  (net 110 "Net-(U4-Pad90)")
  (net 111 "Net-(U4-Pad100)")
  (net 112 "Net-(U5-Pad11)")
  (net 113 "Net-(U5-Pad4)")
  (net 114 "Net-(U6-Pad11)")
  (net 115 "Net-(U6-Pad4)")
  (net 116 "Net-(U6-Pad2)")
  (net 117 "Net-(U6-Pad15)")
  (net 118 /TXD2)
  (net 119 /RXD3)
  (net 120 /TXD3)
  (net 121 /RXD2)
  (net 122 /RXD0)
  (net 123 /RXD1)
  (net 124 /TXD1)
  (net 125 /TXD0)
  (net 126 /SCL1)
  (net 127 /PWM_FR)
  (net 128 /PWM_FL)
  (net 129 /PWM_UR)
  (net 130 /PWM_UL)
  (net 131 /SDA1)
  (net 132 /AL_H)
  (net 133 /AL_L)
  (net 134 "/UI Leds/SDA_A")
  (net 135 "/UI Leds/SCL_A")
  (net 136 "/UI Leds/RESET_A")
  (net 137 "/UI Leds/RXD_A")
  (net 138 "/UI Leds/TXD_A")
  (net 139 /LPC_NRESET)
  (net 140 /RTC_BAT)
  (net 141 /OD_PWR)
  (net 142 /LPC_BOOT)
  (net 143 /Direc)
  (net 144 /INT1)
  (net 145 /INT2)
  (net 146 /odroid_conn/UART_2.RXD)
  (net 147 /odroid_conn/UART_2.TXD)
  (net 148 "/odroid_conn/VDD_IO(1.8V)")
  (net 149 /odroid_conn/XE.INT25)
  (net 150 /odroid_conn/XE.INT15)
  (net 151 /odroid_conn/XE.INT21)
  (net 152 /odroid_conn/XE.INT22)
  (net 153 /odroid_conn/XE.INT14)
  (net 154 /odroid_conn/XE.INT10)
  (net 155 /odroid_conn/XE.INT13)
  (net 156 /odroid_conn/PWRON)
  (net 157 /odroid_conn/UART_0.TXD)
  (net 158 /odroid_conn/UART_0.RXD)
  (net 159 /OUT_RX)
  (net 160 /OUT_TX)
  (net 161 /TRIG_ARD_RXD)
  (net 162 /U0_TX)
  (net 163 /IOS-1)
  (net 164 /IOS-2)
  (net 165 /TRIG_ARD_TXD)
  (net 166 /U0_RX)
  (net 167 /UI_ARD_TXD)
  (net 168 /UI_ARD_RXD)
  (net 169 /U2_TX)
  (net 170 /IOS-3)
  (net 171 /U2_RX)
  (net 172 /UI_ARD_RESET)
  (net 173 /TRIG_ARD_RESET)
  (net 174 "Net-(U9-Pad6)")
  (net 175 "Net-(U9-Pad9)")
  (net 176 "Net-(U7-Pad10)")
  (net 177 "Net-(U7-Pad9)")
  (net 178 "Net-(U7-Pad6)")
  (net 179 "Net-(U7-Pad5)")
  (net 180 "Net-(P4-Pad1)")
  (net 181 /MOSI)
  (net 182 /MISO)
  (net 183 /CS)
  (net 184 /SCK)
  (net 185 "Net-(J1-Pad21)")
  (net 186 "Net-(IC1-Pad2)")
  (net 187 "/UI Leds/OE")
  (net 188 "Net-(R6-Pad1)")
  (net 189 "Net-(R7-Pad1)")
  (net 190 "Net-(R4-Pad1)")
  (net 191 /DEBUG)
  (net 192 "Net-(IC1-Pad8)")
  (net 193 "Net-(IC1-Pad7)")

  (net_class Default "This is the default net class."
    (clearance 0.2032)
    (trace_width 0.25)
    (via_dia 0.6)
    (via_drill 0.4)
    (uvia_dia 0.3)
    (uvia_drill 0.1)
    (add_net +3V3)
    (add_net +5V)
    (add_net /AL_H)
    (add_net /AL_L)
    (add_net /CS)
    (add_net /DEBUG)
    (add_net /Direc)
    (add_net /INT1)
    (add_net /INT2)
    (add_net /IOS-1)
    (add_net /IOS-2)
    (add_net /IOS-3)
    (add_net /LPC1768/GNDDetect)
    (add_net /LPC1768/KEY)
    (add_net /LPC1768/NC/TDI)
    (add_net /LPC1768/SWDCLK/TCK)
    (add_net /LPC1768/SWDIO/TMS)
    (add_net /LPC1768/SWO/TDO)
    (add_net /LPC1768/X1)
    (add_net /LPC1768/X2)
    (add_net /LPC_BOOT)
    (add_net /LPC_NRESET)
    (add_net /MISO)
    (add_net /MOSI)
    (add_net /OD_PWR)
    (add_net /OUT_RX)
    (add_net /OUT_TX)
    (add_net /PWM_FL)
    (add_net /PWM_FR)
    (add_net /PWM_UL)
    (add_net /PWM_UR)
    (add_net /RTC_BAT)
    (add_net /RXD0)
    (add_net /RXD1)
    (add_net /RXD2)
    (add_net /RXD3)
    (add_net /SCK)
    (add_net /SCL1)
    (add_net /SDA1)
    (add_net /TRIG_ARD_RESET)
    (add_net /TRIG_ARD_RXD)
    (add_net /TRIG_ARD_TXD)
    (add_net /TXD0)
    (add_net /TXD1)
    (add_net /TXD2)
    (add_net /TXD3)
    (add_net /U0_RX)
    (add_net /U0_TX)
    (add_net /U2_RX)
    (add_net /U2_TX)
    (add_net "/UI Leds/LED1")
    (add_net "/UI Leds/LED_DATA")
    (add_net "/UI Leds/MISO")
    (add_net "/UI Leds/MOSI")
    (add_net "/UI Leds/OE")
    (add_net "/UI Leds/RESET_A")
    (add_net "/UI Leds/RXD_A")
    (add_net "/UI Leds/SCK")
    (add_net "/UI Leds/SCL_A")
    (add_net "/UI Leds/SDA_A")
    (add_net "/UI Leds/TXD_A")
    (add_net /UI_ARD_RESET)
    (add_net /UI_ARD_RXD)
    (add_net /UI_ARD_TXD)
    (add_net /odroid_conn/ADC_0.AIN0)
    (add_net /odroid_conn/ADC_0.AIN3)
    (add_net /odroid_conn/I2C_1.SCL)
    (add_net /odroid_conn/I2C_1.SDA)
    (add_net /odroid_conn/PWRON)
    (add_net /odroid_conn/SPI_1.CLK)
    (add_net /odroid_conn/SPI_1.CSN)
    (add_net /odroid_conn/SPI_1.MISO)
    (add_net /odroid_conn/SPI_1.MOSI)
    (add_net /odroid_conn/UART_0.CTSN)
    (add_net /odroid_conn/UART_0.RTSN)
    (add_net /odroid_conn/UART_0.RXD)
    (add_net /odroid_conn/UART_0.TXD)
    (add_net /odroid_conn/UART_2.RXD)
    (add_net /odroid_conn/UART_2.TXD)
    (add_net "/odroid_conn/VDD_IO(1.8V)")
    (add_net /odroid_conn/XE.INT10)
    (add_net /odroid_conn/XE.INT11)
    (add_net /odroid_conn/XE.INT13)
    (add_net /odroid_conn/XE.INT14)
    (add_net /odroid_conn/XE.INT15)
    (add_net /odroid_conn/XE.INT16)
    (add_net /odroid_conn/XE.INT17)
    (add_net /odroid_conn/XE.INT20)
    (add_net /odroid_conn/XE.INT21)
    (add_net /odroid_conn/XE.INT22)
    (add_net /odroid_conn/XE.INT23)
    (add_net /odroid_conn/XE.INT25)
    (add_net GND)
    (add_net "Net-(C13-Pad1)")
    (add_net "Net-(C14-Pad2)")
    (add_net "Net-(C15-Pad2)")
    (add_net "Net-(C5-Pad1)")
    (add_net "Net-(C6-Pad1)")
    (add_net "Net-(D1-Pad1)")
    (add_net "Net-(D1-Pad2)")
    (add_net "Net-(D11-Pad2)")
    (add_net "Net-(D11-Pad4)")
    (add_net "Net-(D12-Pad4)")
    (add_net "Net-(D2-Pad1)")
    (add_net "Net-(D2-Pad2)")
    (add_net "Net-(D3-Pad2)")
    (add_net "Net-(D3-Pad4)")
    (add_net "Net-(D4-Pad4)")
    (add_net "Net-(D5-Pad4)")
    (add_net "Net-(D6-Pad4)")
    (add_net "Net-(D7-Pad4)")
    (add_net "Net-(D9-Pad1)")
    (add_net "Net-(IC1-Pad11)")
    (add_net "Net-(IC1-Pad12)")
    (add_net "Net-(IC1-Pad13)")
    (add_net "Net-(IC1-Pad14)")
    (add_net "Net-(IC1-Pad19)")
    (add_net "Net-(IC1-Pad2)")
    (add_net "Net-(IC1-Pad20)")
    (add_net "Net-(IC1-Pad22)")
    (add_net "Net-(IC1-Pad23)")
    (add_net "Net-(IC1-Pad24)")
    (add_net "Net-(IC1-Pad25)")
    (add_net "Net-(IC1-Pad26)")
    (add_net "Net-(IC1-Pad32)")
    (add_net "Net-(IC1-Pad7)")
    (add_net "Net-(IC1-Pad8)")
    (add_net "Net-(IC1-Pad9)")
    (add_net "Net-(J1-Pad21)")
    (add_net "Net-(P1-Pad5)")
    (add_net "Net-(P1-Pad6)")
    (add_net "Net-(P4-Pad1)")
    (add_net "Net-(R4-Pad1)")
    (add_net "Net-(R6-Pad1)")
    (add_net "Net-(R7-Pad1)")
    (add_net "Net-(U2-Pad7)")
    (add_net "Net-(U4-Pad100)")
    (add_net "Net-(U4-Pad14)")
    (add_net "Net-(U4-Pad20)")
    (add_net "Net-(U4-Pad21)")
    (add_net "Net-(U4-Pad24)")
    (add_net "Net-(U4-Pad25)")
    (add_net "Net-(U4-Pad26)")
    (add_net "Net-(U4-Pad27)")
    (add_net "Net-(U4-Pad29)")
    (add_net "Net-(U4-Pad30)")
    (add_net "Net-(U4-Pad32)")
    (add_net "Net-(U4-Pad33)")
    (add_net "Net-(U4-Pad36)")
    (add_net "Net-(U4-Pad39)")
    (add_net "Net-(U4-Pad4)")
    (add_net "Net-(U4-Pad40)")
    (add_net "Net-(U4-Pad43)")
    (add_net "Net-(U4-Pad45)")
    (add_net "Net-(U4-Pad51)")
    (add_net "Net-(U4-Pad52)")
    (add_net "Net-(U4-Pad56)")
    (add_net "Net-(U4-Pad57)")
    (add_net "Net-(U4-Pad6)")
    (add_net "Net-(U4-Pad60)")
    (add_net "Net-(U4-Pad61)")
    (add_net "Net-(U4-Pad64)")
    (add_net "Net-(U4-Pad65)")
    (add_net "Net-(U4-Pad66)")
    (add_net "Net-(U4-Pad67)")
    (add_net "Net-(U4-Pad68)")
    (add_net "Net-(U4-Pad69)")
    (add_net "Net-(U4-Pad7)")
    (add_net "Net-(U4-Pad76)")
    (add_net "Net-(U4-Pad77)")
    (add_net "Net-(U4-Pad78)")
    (add_net "Net-(U4-Pad79)")
    (add_net "Net-(U4-Pad8)")
    (add_net "Net-(U4-Pad80)")
    (add_net "Net-(U4-Pad81)")
    (add_net "Net-(U4-Pad82)")
    (add_net "Net-(U4-Pad85)")
    (add_net "Net-(U4-Pad88)")
    (add_net "Net-(U4-Pad89)")
    (add_net "Net-(U4-Pad9)")
    (add_net "Net-(U4-Pad90)")
    (add_net "Net-(U5-Pad11)")
    (add_net "Net-(U5-Pad4)")
    (add_net "Net-(U6-Pad11)")
    (add_net "Net-(U6-Pad15)")
    (add_net "Net-(U6-Pad2)")
    (add_net "Net-(U6-Pad4)")
    (add_net "Net-(U7-Pad10)")
    (add_net "Net-(U7-Pad5)")
    (add_net "Net-(U7-Pad6)")
    (add_net "Net-(U7-Pad9)")
    (add_net "Net-(U9-Pad6)")
    (add_net "Net-(U9-Pad9)")
  )

  (module Resistor_SMD:R_0603_1608Metric_Pad1.05x0.95mm_HandSolder (layer F.Cu) (tedit 5B301BBD) (tstamp 5BFCDF17)
    (at 133.096 114.4905 90)
    (descr "Resistor SMD 0603 (1608 Metric), square (rectangular) end terminal, IPC_7351 nominal with elongated pad for handsoldering. (Body size source: http://www.tortai-tech.com/upload/download/2011102023233369053.pdf), generated with kicad-footprint-generator")
    (tags "resistor handsolder")
    (path /5756CFEA/5BFA4EDB)
    (attr smd)
    (fp_text reference R12 (at 3.175 0 90) (layer F.SilkS)
      (effects (font (size 1 1) (thickness 0.15)))
    )
    (fp_text value 4k (at 0 1.43 90) (layer F.Fab)
      (effects (font (size 1 1) (thickness 0.15)))
    )
    (fp_text user %R (at 0 0 90) (layer F.Fab)
      (effects (font (size 0.4 0.4) (thickness 0.06)))
    )
    (fp_line (start 1.65 0.73) (end -1.65 0.73) (layer F.CrtYd) (width 0.05))
    (fp_line (start 1.65 -0.73) (end 1.65 0.73) (layer F.CrtYd) (width 0.05))
    (fp_line (start -1.65 -0.73) (end 1.65 -0.73) (layer F.CrtYd) (width 0.05))
    (fp_line (start -1.65 0.73) (end -1.65 -0.73) (layer F.CrtYd) (width 0.05))
    (fp_line (start -0.171267 0.51) (end 0.171267 0.51) (layer F.SilkS) (width 0.12))
    (fp_line (start -0.171267 -0.51) (end 0.171267 -0.51) (layer F.SilkS) (width 0.12))
    (fp_line (start 0.8 0.4) (end -0.8 0.4) (layer F.Fab) (width 0.1))
    (fp_line (start 0.8 -0.4) (end 0.8 0.4) (layer F.Fab) (width 0.1))
    (fp_line (start -0.8 -0.4) (end 0.8 -0.4) (layer F.Fab) (width 0.1))
    (fp_line (start -0.8 0.4) (end -0.8 -0.4) (layer F.Fab) (width 0.1))
    (pad 2 smd roundrect (at 0.875 0 90) (size 1.05 0.95) (layers F.Cu F.Paste F.Mask) (roundrect_rratio 0.25)
      (net 3 GND))
    (pad 1 smd roundrect (at -0.875 0 90) (size 1.05 0.95) (layers F.Cu F.Paste F.Mask) (roundrect_rratio 0.25)
      (net 163 /IOS-1))
    (model ${KISYS3DMOD}/Resistor_SMD.3dshapes/R_0603_1608Metric.wrl
      (at (xyz 0 0 0))
      (scale (xyz 1 1 1))
      (rotate (xyz 0 0 0))
    )
  )

  (module Resistor_SMD:R_0603_1608Metric_Pad1.05x0.95mm_HandSolder (layer F.Cu) (tedit 5B301BBD) (tstamp 5BFCD29B)
    (at 176.149 102.743)
    (descr "Resistor SMD 0603 (1608 Metric), square (rectangular) end terminal, IPC_7351 nominal with elongated pad for handsoldering. (Body size source: http://www.tortai-tech.com/upload/download/2011102023233369053.pdf), generated with kicad-footprint-generator")
    (tags "resistor handsolder")
    (path /574F025F/5BFC3C6D)
    (attr smd)
    (fp_text reference R19 (at -3.443 0.127) (layer F.SilkS)
      (effects (font (size 1 1) (thickness 0.15)))
    )
    (fp_text value DNOT_POP (at 0 1.43) (layer F.Fab)
      (effects (font (size 1 1) (thickness 0.15)))
    )
    (fp_line (start -0.8 0.4) (end -0.8 -0.4) (layer F.Fab) (width 0.1))
    (fp_line (start -0.8 -0.4) (end 0.8 -0.4) (layer F.Fab) (width 0.1))
    (fp_line (start 0.8 -0.4) (end 0.8 0.4) (layer F.Fab) (width 0.1))
    (fp_line (start 0.8 0.4) (end -0.8 0.4) (layer F.Fab) (width 0.1))
    (fp_line (start -0.171267 -0.51) (end 0.171267 -0.51) (layer F.SilkS) (width 0.12))
    (fp_line (start -0.171267 0.51) (end 0.171267 0.51) (layer F.SilkS) (width 0.12))
    (fp_line (start -1.65 0.73) (end -1.65 -0.73) (layer F.CrtYd) (width 0.05))
    (fp_line (start -1.65 -0.73) (end 1.65 -0.73) (layer F.CrtYd) (width 0.05))
    (fp_line (start 1.65 -0.73) (end 1.65 0.73) (layer F.CrtYd) (width 0.05))
    (fp_line (start 1.65 0.73) (end -1.65 0.73) (layer F.CrtYd) (width 0.05))
    (fp_text user %R (at 0 0) (layer F.Fab)
      (effects (font (size 0.4 0.4) (thickness 0.06)))
    )
    (pad 1 smd roundrect (at -0.875 0) (size 1.05 0.95) (layers F.Cu F.Paste F.Mask) (roundrect_rratio 0.25)
      (net 126 /SCL1))
    (pad 2 smd roundrect (at 0.875 0) (size 1.05 0.95) (layers F.Cu F.Paste F.Mask) (roundrect_rratio 0.25)
      (net 2 +3V3))
    (model ${KISYS3DMOD}/Resistor_SMD.3dshapes/R_0603_1608Metric.wrl
      (at (xyz 0 0 0))
      (scale (xyz 1 1 1))
      (rotate (xyz 0 0 0))
    )
  )

  (module Resistor_SMD:R_0603_1608Metric_Pad1.05x0.95mm_HandSolder (layer F.Cu) (tedit 5B301BBD) (tstamp 5BFCD28A)
    (at 176.149 104.394 180)
    (descr "Resistor SMD 0603 (1608 Metric), square (rectangular) end terminal, IPC_7351 nominal with elongated pad for handsoldering. (Body size source: http://www.tortai-tech.com/upload/download/2011102023233369053.pdf), generated with kicad-footprint-generator")
    (tags "resistor handsolder")
    (path /574F025F/5BFC3935)
    (attr smd)
    (fp_text reference R18 (at 3.302 0 180) (layer F.SilkS)
      (effects (font (size 1 1) (thickness 0.15)))
    )
    (fp_text value DNOT_POP (at 0 1.43 180) (layer F.Fab)
      (effects (font (size 1 1) (thickness 0.15)))
    )
    (fp_text user %R (at 0 0 180) (layer F.Fab)
      (effects (font (size 0.4 0.4) (thickness 0.06)))
    )
    (fp_line (start 1.65 0.73) (end -1.65 0.73) (layer F.CrtYd) (width 0.05))
    (fp_line (start 1.65 -0.73) (end 1.65 0.73) (layer F.CrtYd) (width 0.05))
    (fp_line (start -1.65 -0.73) (end 1.65 -0.73) (layer F.CrtYd) (width 0.05))
    (fp_line (start -1.65 0.73) (end -1.65 -0.73) (layer F.CrtYd) (width 0.05))
    (fp_line (start -0.171267 0.51) (end 0.171267 0.51) (layer F.SilkS) (width 0.12))
    (fp_line (start -0.171267 -0.51) (end 0.171267 -0.51) (layer F.SilkS) (width 0.12))
    (fp_line (start 0.8 0.4) (end -0.8 0.4) (layer F.Fab) (width 0.1))
    (fp_line (start 0.8 -0.4) (end 0.8 0.4) (layer F.Fab) (width 0.1))
    (fp_line (start -0.8 -0.4) (end 0.8 -0.4) (layer F.Fab) (width 0.1))
    (fp_line (start -0.8 0.4) (end -0.8 -0.4) (layer F.Fab) (width 0.1))
    (pad 2 smd roundrect (at 0.875 0 180) (size 1.05 0.95) (layers F.Cu F.Paste F.Mask) (roundrect_rratio 0.25)
      (net 131 /SDA1))
    (pad 1 smd roundrect (at -0.875 0 180) (size 1.05 0.95) (layers F.Cu F.Paste F.Mask) (roundrect_rratio 0.25)
      (net 2 +3V3))
    (model ${KISYS3DMOD}/Resistor_SMD.3dshapes/R_0603_1608Metric.wrl
      (at (xyz 0 0 0))
      (scale (xyz 1 1 1))
      (rotate (xyz 0 0 0))
    )
  )

  (module Resistor_SMD:R_0603_1608Metric_Pad1.05x0.95mm_HandSolder (layer F.Cu) (tedit 5B301BBD) (tstamp 5BFCD279)
    (at 165.989 137.3505)
    (descr "Resistor SMD 0603 (1608 Metric), square (rectangular) end terminal, IPC_7351 nominal with elongated pad for handsoldering. (Body size source: http://www.tortai-tech.com/upload/download/2011102023233369053.pdf), generated with kicad-footprint-generator")
    (tags "resistor handsolder")
    (path /574F025F/5BFAA5CD)
    (attr smd)
    (fp_text reference R17 (at 0 1.3335) (layer F.SilkS)
      (effects (font (size 1 1) (thickness 0.15)))
    )
    (fp_text value 100k (at 0 1.43) (layer F.Fab)
      (effects (font (size 1 1) (thickness 0.15)))
    )
    (fp_line (start -0.8 0.4) (end -0.8 -0.4) (layer F.Fab) (width 0.1))
    (fp_line (start -0.8 -0.4) (end 0.8 -0.4) (layer F.Fab) (width 0.1))
    (fp_line (start 0.8 -0.4) (end 0.8 0.4) (layer F.Fab) (width 0.1))
    (fp_line (start 0.8 0.4) (end -0.8 0.4) (layer F.Fab) (width 0.1))
    (fp_line (start -0.171267 -0.51) (end 0.171267 -0.51) (layer F.SilkS) (width 0.12))
    (fp_line (start -0.171267 0.51) (end 0.171267 0.51) (layer F.SilkS) (width 0.12))
    (fp_line (start -1.65 0.73) (end -1.65 -0.73) (layer F.CrtYd) (width 0.05))
    (fp_line (start -1.65 -0.73) (end 1.65 -0.73) (layer F.CrtYd) (width 0.05))
    (fp_line (start 1.65 -0.73) (end 1.65 0.73) (layer F.CrtYd) (width 0.05))
    (fp_line (start 1.65 0.73) (end -1.65 0.73) (layer F.CrtYd) (width 0.05))
    (fp_text user %R (at 0 0) (layer F.Fab)
      (effects (font (size 0.4 0.4) (thickness 0.06)))
    )
    (pad 1 smd roundrect (at -0.875 0) (size 1.05 0.95) (layers F.Cu F.Paste F.Mask) (roundrect_rratio 0.25)
      (net 142 /LPC_BOOT))
    (pad 2 smd roundrect (at 0.875 0) (size 1.05 0.95) (layers F.Cu F.Paste F.Mask) (roundrect_rratio 0.25)
      (net 2 +3V3))
    (model ${KISYS3DMOD}/Resistor_SMD.3dshapes/R_0603_1608Metric.wrl
      (at (xyz 0 0 0))
      (scale (xyz 1 1 1))
      (rotate (xyz 0 0 0))
    )
  )

  (module Resistor_SMD:R_0603_1608Metric_Pad1.05x0.95mm_HandSolder (layer F.Cu) (tedit 5B301BBD) (tstamp 5BFCD268)
    (at 122.9995 68.3895 90)
    (descr "Resistor SMD 0603 (1608 Metric), square (rectangular) end terminal, IPC_7351 nominal with elongated pad for handsoldering. (Body size source: http://www.tortai-tech.com/upload/download/2011102023233369053.pdf), generated with kicad-footprint-generator")
    (tags "resistor handsolder")
    (path /57504772/5C015145)
    (attr smd)
    (fp_text reference R16 (at 0 -1.43 90) (layer F.SilkS)
      (effects (font (size 1 1) (thickness 0.15)))
    )
    (fp_text value 100k (at 0 1.43 90) (layer F.Fab)
      (effects (font (size 1 1) (thickness 0.15)))
    )
    (fp_text user %R (at 0 0 90) (layer F.Fab)
      (effects (font (size 0.4 0.4) (thickness 0.06)))
    )
    (fp_line (start 1.65 0.73) (end -1.65 0.73) (layer F.CrtYd) (width 0.05))
    (fp_line (start 1.65 -0.73) (end 1.65 0.73) (layer F.CrtYd) (width 0.05))
    (fp_line (start -1.65 -0.73) (end 1.65 -0.73) (layer F.CrtYd) (width 0.05))
    (fp_line (start -1.65 0.73) (end -1.65 -0.73) (layer F.CrtYd) (width 0.05))
    (fp_line (start -0.171267 0.51) (end 0.171267 0.51) (layer F.SilkS) (width 0.12))
    (fp_line (start -0.171267 -0.51) (end 0.171267 -0.51) (layer F.SilkS) (width 0.12))
    (fp_line (start 0.8 0.4) (end -0.8 0.4) (layer F.Fab) (width 0.1))
    (fp_line (start 0.8 -0.4) (end 0.8 0.4) (layer F.Fab) (width 0.1))
    (fp_line (start -0.8 -0.4) (end 0.8 -0.4) (layer F.Fab) (width 0.1))
    (fp_line (start -0.8 0.4) (end -0.8 -0.4) (layer F.Fab) (width 0.1))
    (pad 2 smd roundrect (at 0.875 0 90) (size 1.05 0.95) (layers F.Cu F.Paste F.Mask) (roundrect_rratio 0.25)
      (net 136 "/UI Leds/RESET_A"))
    (pad 1 smd roundrect (at -0.875 0 90) (size 1.05 0.95) (layers F.Cu F.Paste F.Mask) (roundrect_rratio 0.25)
      (net 1 +5V))
    (model ${KISYS3DMOD}/Resistor_SMD.3dshapes/R_0603_1608Metric.wrl
      (at (xyz 0 0 0))
      (scale (xyz 1 1 1))
      (rotate (xyz 0 0 0))
    )
  )

  (module Resistor_SMD:R_0603_1608Metric_Pad1.05x0.95mm_HandSolder (layer F.Cu) (tedit 5B301BBD) (tstamp 5BFCD257)
    (at 166.878 134.62 90)
    (descr "Resistor SMD 0603 (1608 Metric), square (rectangular) end terminal, IPC_7351 nominal with elongated pad for handsoldering. (Body size source: http://www.tortai-tech.com/upload/download/2011102023233369053.pdf), generated with kicad-footprint-generator")
    (tags "resistor handsolder")
    (path /5C02BC0E)
    (attr smd)
    (fp_text reference R15 (at 0 -1.43 90) (layer F.SilkS)
      (effects (font (size 1 1) (thickness 0.15)))
    )
    (fp_text value 100k (at 0 1.43 90) (layer F.Fab)
      (effects (font (size 1 1) (thickness 0.15)))
    )
    (fp_line (start -0.8 0.4) (end -0.8 -0.4) (layer F.Fab) (width 0.1))
    (fp_line (start -0.8 -0.4) (end 0.8 -0.4) (layer F.Fab) (width 0.1))
    (fp_line (start 0.8 -0.4) (end 0.8 0.4) (layer F.Fab) (width 0.1))
    (fp_line (start 0.8 0.4) (end -0.8 0.4) (layer F.Fab) (width 0.1))
    (fp_line (start -0.171267 -0.51) (end 0.171267 -0.51) (layer F.SilkS) (width 0.12))
    (fp_line (start -0.171267 0.51) (end 0.171267 0.51) (layer F.SilkS) (width 0.12))
    (fp_line (start -1.65 0.73) (end -1.65 -0.73) (layer F.CrtYd) (width 0.05))
    (fp_line (start -1.65 -0.73) (end 1.65 -0.73) (layer F.CrtYd) (width 0.05))
    (fp_line (start 1.65 -0.73) (end 1.65 0.73) (layer F.CrtYd) (width 0.05))
    (fp_line (start 1.65 0.73) (end -1.65 0.73) (layer F.CrtYd) (width 0.05))
    (fp_text user %R (at 0 0 90) (layer F.Fab)
      (effects (font (size 0.4 0.4) (thickness 0.06)))
    )
    (pad 1 smd roundrect (at -0.875 0 90) (size 1.05 0.95) (layers F.Cu F.Paste F.Mask) (roundrect_rratio 0.25)
      (net 2 +3V3))
    (pad 2 smd roundrect (at 0.875 0 90) (size 1.05 0.95) (layers F.Cu F.Paste F.Mask) (roundrect_rratio 0.25)
      (net 173 /TRIG_ARD_RESET))
    (model ${KISYS3DMOD}/Resistor_SMD.3dshapes/R_0603_1608Metric.wrl
      (at (xyz 0 0 0))
      (scale (xyz 1 1 1))
      (rotate (xyz 0 0 0))
    )
  )

  (module Resistor_SMD:R_0603_1608Metric_Pad1.05x0.95mm_HandSolder (layer F.Cu) (tedit 5B301BBD) (tstamp 5BFCE1B4)
    (at 120.4595 110.617 90)
    (descr "Resistor SMD 0603 (1608 Metric), square (rectangular) end terminal, IPC_7351 nominal with elongated pad for handsoldering. (Body size source: http://www.tortai-tech.com/upload/download/2011102023233369053.pdf), generated with kicad-footprint-generator")
    (tags "resistor handsolder")
    (path /5756CFEA/5BFA4F84)
    (attr smd)
    (fp_text reference R14 (at 3.175 0 90) (layer F.SilkS)
      (effects (font (size 1 1) (thickness 0.15)))
    )
    (fp_text value 4k (at 0 1.43 90) (layer F.Fab)
      (effects (font (size 1 1) (thickness 0.15)))
    )
    (fp_text user %R (at 0 0 90) (layer F.Fab)
      (effects (font (size 0.4 0.4) (thickness 0.06)))
    )
    (fp_line (start 1.65 0.73) (end -1.65 0.73) (layer F.CrtYd) (width 0.05))
    (fp_line (start 1.65 -0.73) (end 1.65 0.73) (layer F.CrtYd) (width 0.05))
    (fp_line (start -1.65 -0.73) (end 1.65 -0.73) (layer F.CrtYd) (width 0.05))
    (fp_line (start -1.65 0.73) (end -1.65 -0.73) (layer F.CrtYd) (width 0.05))
    (fp_line (start -0.171267 0.51) (end 0.171267 0.51) (layer F.SilkS) (width 0.12))
    (fp_line (start -0.171267 -0.51) (end 0.171267 -0.51) (layer F.SilkS) (width 0.12))
    (fp_line (start 0.8 0.4) (end -0.8 0.4) (layer F.Fab) (width 0.1))
    (fp_line (start 0.8 -0.4) (end 0.8 0.4) (layer F.Fab) (width 0.1))
    (fp_line (start -0.8 -0.4) (end 0.8 -0.4) (layer F.Fab) (width 0.1))
    (fp_line (start -0.8 0.4) (end -0.8 -0.4) (layer F.Fab) (width 0.1))
    (pad 2 smd roundrect (at 0.875 0 90) (size 1.05 0.95) (layers F.Cu F.Paste F.Mask) (roundrect_rratio 0.25)
      (net 3 GND))
    (pad 1 smd roundrect (at -0.875 0 90) (size 1.05 0.95) (layers F.Cu F.Paste F.Mask) (roundrect_rratio 0.25)
      (net 170 /IOS-3))
    (model ${KISYS3DMOD}/Resistor_SMD.3dshapes/R_0603_1608Metric.wrl
      (at (xyz 0 0 0))
      (scale (xyz 1 1 1))
      (rotate (xyz 0 0 0))
    )
  )

  (module Resistor_SMD:R_0603_1608Metric_Pad1.05x0.95mm_HandSolder (layer F.Cu) (tedit 5B301BBD) (tstamp 5BFCD235)
    (at 136.8425 119.634)
    (descr "Resistor SMD 0603 (1608 Metric), square (rectangular) end terminal, IPC_7351 nominal with elongated pad for handsoldering. (Body size source: http://www.tortai-tech.com/upload/download/2011102023233369053.pdf), generated with kicad-footprint-generator")
    (tags "resistor handsolder")
    (path /5756CFEA/5BFA4F62)
    (attr smd)
    (fp_text reference R13 (at -3.2385 0) (layer F.SilkS)
      (effects (font (size 1 1) (thickness 0.15)))
    )
    (fp_text value 4k (at 0 1.43) (layer F.Fab)
      (effects (font (size 1 1) (thickness 0.15)))
    )
    (fp_line (start -0.8 0.4) (end -0.8 -0.4) (layer F.Fab) (width 0.1))
    (fp_line (start -0.8 -0.4) (end 0.8 -0.4) (layer F.Fab) (width 0.1))
    (fp_line (start 0.8 -0.4) (end 0.8 0.4) (layer F.Fab) (width 0.1))
    (fp_line (start 0.8 0.4) (end -0.8 0.4) (layer F.Fab) (width 0.1))
    (fp_line (start -0.171267 -0.51) (end 0.171267 -0.51) (layer F.SilkS) (width 0.12))
    (fp_line (start -0.171267 0.51) (end 0.171267 0.51) (layer F.SilkS) (width 0.12))
    (fp_line (start -1.65 0.73) (end -1.65 -0.73) (layer F.CrtYd) (width 0.05))
    (fp_line (start -1.65 -0.73) (end 1.65 -0.73) (layer F.CrtYd) (width 0.05))
    (fp_line (start 1.65 -0.73) (end 1.65 0.73) (layer F.CrtYd) (width 0.05))
    (fp_line (start 1.65 0.73) (end -1.65 0.73) (layer F.CrtYd) (width 0.05))
    (fp_text user %R (at 0 0) (layer F.Fab)
      (effects (font (size 0.4 0.4) (thickness 0.06)))
    )
    (pad 1 smd roundrect (at -0.875 0) (size 1.05 0.95) (layers F.Cu F.Paste F.Mask) (roundrect_rratio 0.25)
      (net 164 /IOS-2))
    (pad 2 smd roundrect (at 0.875 0) (size 1.05 0.95) (layers F.Cu F.Paste F.Mask) (roundrect_rratio 0.25)
      (net 3 GND))
    (model ${KISYS3DMOD}/Resistor_SMD.3dshapes/R_0603_1608Metric.wrl
      (at (xyz 0 0 0))
      (scale (xyz 1 1 1))
      (rotate (xyz 0 0 0))
    )
  )

  (module Package_SO:SSOP-20_4.4x6.5mm_P0.65mm (layer F.Cu) (tedit 5A02F25C) (tstamp 5BC259D1)
    (at 128.143 107.188)
    (descr "SSOP20: plastic shrink small outline package; 20 leads; body width 4.4 mm; (see NXP SSOP-TSSOP-VSO-REFLOW.pdf and sot266-1_po.pdf)")
    (tags "SSOP 0.65")
    (path /5755779A/5BB79C0A)
    (attr smd)
    (fp_text reference U8 (at 0 -4.3) (layer F.SilkS)
      (effects (font (size 1 1) (thickness 0.15)))
    )
    (fp_text value TXB0108 (at 0 4.3) (layer F.Fab)
      (effects (font (size 1 1) (thickness 0.15)))
    )
    (fp_line (start -1.2 -3.25) (end 2.2 -3.25) (layer F.Fab) (width 0.15))
    (fp_line (start 2.2 -3.25) (end 2.2 3.25) (layer F.Fab) (width 0.15))
    (fp_line (start 2.2 3.25) (end -2.2 3.25) (layer F.Fab) (width 0.15))
    (fp_line (start -2.2 3.25) (end -2.2 -2.25) (layer F.Fab) (width 0.15))
    (fp_line (start -2.2 -2.25) (end -1.2 -3.25) (layer F.Fab) (width 0.15))
    (fp_line (start -3.65 -3.55) (end -3.65 3.55) (layer F.CrtYd) (width 0.05))
    (fp_line (start 3.65 -3.55) (end 3.65 3.55) (layer F.CrtYd) (width 0.05))
    (fp_line (start -3.65 -3.55) (end 3.65 -3.55) (layer F.CrtYd) (width 0.05))
    (fp_line (start -3.65 3.55) (end 3.65 3.55) (layer F.CrtYd) (width 0.05))
    (fp_line (start 2.325 -3.45) (end 2.325 -3.35) (layer F.SilkS) (width 0.15))
    (fp_line (start 2.325 3.375) (end 2.325 3.35) (layer F.SilkS) (width 0.15))
    (fp_line (start -2.325 3.375) (end -2.325 3.35) (layer F.SilkS) (width 0.15))
    (fp_line (start -3.4 -3.45) (end 2.325 -3.45) (layer F.SilkS) (width 0.15))
    (fp_line (start -2.325 3.375) (end 2.325 3.375) (layer F.SilkS) (width 0.15))
    (fp_text user %R (at 0 0) (layer F.Fab)
      (effects (font (size 0.8 0.8) (thickness 0.15)))
    )
    (pad 1 smd rect (at -2.9 -2.925) (size 1 0.4) (layers F.Cu F.Paste F.Mask)
      (net 146 /odroid_conn/UART_2.RXD))
    (pad 2 smd rect (at -2.9 -2.275) (size 1 0.4) (layers F.Cu F.Paste F.Mask)
      (net 148 "/odroid_conn/VDD_IO(1.8V)"))
    (pad 3 smd rect (at -2.9 -1.625) (size 1 0.4) (layers F.Cu F.Paste F.Mask)
      (net 147 /odroid_conn/UART_2.TXD))
    (pad 4 smd rect (at -2.9 -0.975) (size 1 0.4) (layers F.Cu F.Paste F.Mask)
      (net 158 /odroid_conn/UART_0.RXD))
    (pad 5 smd rect (at -2.9 -0.325) (size 1 0.4) (layers F.Cu F.Paste F.Mask)
      (net 157 /odroid_conn/UART_0.TXD))
    (pad 6 smd rect (at -2.9 0.325) (size 1 0.4) (layers F.Cu F.Paste F.Mask)
      (net 156 /odroid_conn/PWRON))
    (pad 7 smd rect (at -2.9 0.975) (size 1 0.4) (layers F.Cu F.Paste F.Mask)
      (net 155 /odroid_conn/XE.INT13))
    (pad 8 smd rect (at -2.9 1.625) (size 1 0.4) (layers F.Cu F.Paste F.Mask)
      (net 154 /odroid_conn/XE.INT10))
    (pad 9 smd rect (at -2.9 2.275) (size 1 0.4) (layers F.Cu F.Paste F.Mask)
      (net 153 /odroid_conn/XE.INT14))
    (pad 10 smd rect (at -2.9 2.925) (size 1 0.4) (layers F.Cu F.Paste F.Mask)
      (net 54 /odroid_conn/XE.INT11))
    (pad 11 smd rect (at 2.9 2.925) (size 1 0.4) (layers F.Cu F.Paste F.Mask)
      (net 3 GND))
    (pad 12 smd rect (at 2.9 2.275) (size 1 0.4) (layers F.Cu F.Paste F.Mask)
      (net 163 /IOS-1))
    (pad 13 smd rect (at 2.9 1.625) (size 1 0.4) (layers F.Cu F.Paste F.Mask)
      (net 139 /LPC_NRESET))
    (pad 14 smd rect (at 2.9 0.975) (size 1 0.4) (layers F.Cu F.Paste F.Mask)
      (net 142 /LPC_BOOT))
    (pad 15 smd rect (at 2.9 0.325) (size 1 0.4) (layers F.Cu F.Paste F.Mask)
      (net 141 /OD_PWR))
    (pad 16 smd rect (at 2.9 -0.325) (size 1 0.4) (layers F.Cu F.Paste F.Mask)
      (net 162 /U0_TX))
    (pad 17 smd rect (at 2.9 -0.975) (size 1 0.4) (layers F.Cu F.Paste F.Mask)
      (net 166 /U0_RX))
    (pad 18 smd rect (at 2.9 -1.625) (size 1 0.4) (layers F.Cu F.Paste F.Mask)
      (net 169 /U2_TX))
    (pad 19 smd rect (at 2.9 -2.275) (size 1 0.4) (layers F.Cu F.Paste F.Mask)
      (net 2 +3V3))
    (pad 20 smd rect (at 2.9 -2.925) (size 1 0.4) (layers F.Cu F.Paste F.Mask)
      (net 171 /U2_RX))
    (model ${KISYS3DMOD}/Package_SO.3dshapes/SSOP-20_4.4x6.5mm_P0.65mm.wrl
      (at (xyz 0 0 0))
      (scale (xyz 1 1 1))
      (rotate (xyz 0 0 0))
    )
  )

  (module Sphere_lib_footprint:6pin_2row_0.05in_SMD (layer F.Cu) (tedit 5BE62826) (tstamp 5BFBCE03)
    (at 155.1432 109.1184 180)
    (path /5BF0AE46)
    (fp_text reference P1 (at -0.1524 4.699 180) (layer F.SilkS)
      (effects (font (size 1 1) (thickness 0.15)))
    )
    (fp_text value CONN_02X03 (at 0.635 -5.08 180) (layer F.Fab)
      (effects (font (size 1 1) (thickness 0.15)))
    )
    (fp_line (start -1.945 -3.71) (end -1.945 3.91) (layer F.SilkS) (width 0.1))
    (fp_line (start -1.945 3.91) (end 1.9 3.91) (layer F.SilkS) (width 0.1))
    (fp_line (start 1.9 3.91) (end 1.9 -3.71) (layer F.SilkS) (width 0.1))
    (fp_line (start 1.9 -3.71) (end -1.945 -3.71) (layer F.SilkS) (width 0.1))
    (pad 6 smd rect (at 1.23 -1.895 180) (size 0.74 2.4) (layers F.Cu F.Mask)
      (net 47 "Net-(P1-Pad6)"))
    (pad 4 smd rect (at -0.04 -1.895 180) (size 0.74 2.4) (layers F.Cu F.Mask)
      (net 120 /TXD3))
    (pad 2 smd rect (at -1.31 -1.895 180) (size 0.74 2.4) (layers F.Cu F.Mask)
      (net 2 +3V3))
    (pad 3 smd rect (at -0.04 2.005 180) (size 0.74 2.4) (layers F.Cu F.Mask)
      (net 119 /RXD3))
    (pad 5 smd rect (at 1.23 2.005 180) (size 0.74 2.4) (layers F.Cu F.Mask)
      (net 48 "Net-(P1-Pad5)"))
    (pad 1 smd rect (at -1.31 2.005 180) (size 0.74 2.4) (layers F.Cu F.Mask)
      (net 3 GND))
  )

  (module Sphere_lib_footprint:6pin_2row_0.05in_SMD (layer F.Cu) (tedit 5BE628E0) (tstamp 5BFA150C)
    (at 128.397 67.818 180)
    (path /57504772/570FCE85)
    (fp_text reference P3 (at -2.9845 3.302 180) (layer F.SilkS) hide
      (effects (font (size 1 1) (thickness 0.15)))
    )
    (fp_text value CONN_02X03 (at 0.635 -5.08 180) (layer F.Fab)
      (effects (font (size 1 1) (thickness 0.15)))
    )
    (fp_line (start -1.945 -3.71) (end -1.945 3.91) (layer F.SilkS) (width 0.1))
    (fp_line (start -1.945 3.91) (end 1.9 3.91) (layer F.SilkS) (width 0.1))
    (fp_line (start 1.9 3.91) (end 1.9 -3.71) (layer F.SilkS) (width 0.1))
    (fp_line (start 1.9 -3.71) (end -1.945 -3.71) (layer F.SilkS) (width 0.1))
    (pad 6 smd rect (at 1.23 -1.895 180) (size 0.74 2.4) (layers F.Cu F.Mask)
      (net 3 GND))
    (pad 4 smd rect (at -0.04 -1.895 180) (size 0.74 2.4) (layers F.Cu F.Mask)
      (net 24 "/UI Leds/MOSI"))
    (pad 2 smd rect (at -1.31 -1.895 180) (size 0.74 2.4) (layers F.Cu F.Mask)
      (net 1 +5V))
    (pad 3 smd rect (at -0.04 2.005 180) (size 0.74 2.4) (layers F.Cu F.Mask)
      (net 26 "/UI Leds/SCK"))
    (pad 5 smd rect (at 1.23 2.005 180) (size 0.74 2.4) (layers F.Cu F.Mask)
      (net 136 "/UI Leds/RESET_A"))
    (pad 1 smd rect (at -1.31 2.005 180) (size 0.74 2.4) (layers F.Cu F.Mask)
      (net 25 "/UI Leds/MISO"))
  )

  (module Package_SO:TSSOP-8_3x3mm_P0.65mm (layer F.Cu) (tedit 5A02F25C) (tstamp 5BEFB83C)
    (at 128.034201 90.235601)
    (descr "TSSOP8: plastic thin shrink small outline package; 8 leads; body width 3 mm; (see NXP SSOP-TSSOP-VSO-REFLOW.pdf and sot505-1_po.pdf)")
    (tags "SSOP 0.65")
    (path /57504772/5BDC7D67)
    (attr smd)
    (fp_text reference U10 (at 0 -2.55) (layer F.SilkS)
      (effects (font (size 1 1) (thickness 0.15)))
    )
    (fp_text value TCA9406 (at 0 2.55) (layer F.Fab)
      (effects (font (size 1 1) (thickness 0.15)))
    )
    (fp_line (start -0.5 -1.5) (end 1.5 -1.5) (layer F.Fab) (width 0.15))
    (fp_line (start 1.5 -1.5) (end 1.5 1.5) (layer F.Fab) (width 0.15))
    (fp_line (start 1.5 1.5) (end -1.5 1.5) (layer F.Fab) (width 0.15))
    (fp_line (start -1.5 1.5) (end -1.5 -0.5) (layer F.Fab) (width 0.15))
    (fp_line (start -1.5 -0.5) (end -0.5 -1.5) (layer F.Fab) (width 0.15))
    (fp_line (start -2.95 -1.8) (end -2.95 1.8) (layer F.CrtYd) (width 0.05))
    (fp_line (start 2.95 -1.8) (end 2.95 1.8) (layer F.CrtYd) (width 0.05))
    (fp_line (start -2.95 -1.8) (end 2.95 -1.8) (layer F.CrtYd) (width 0.05))
    (fp_line (start -2.95 1.8) (end 2.95 1.8) (layer F.CrtYd) (width 0.05))
    (fp_line (start -1.625 -1.625) (end -1.625 -1.5) (layer F.SilkS) (width 0.15))
    (fp_line (start 1.625 -1.625) (end 1.625 -1.4) (layer F.SilkS) (width 0.15))
    (fp_line (start 1.625 1.625) (end 1.625 1.4) (layer F.SilkS) (width 0.15))
    (fp_line (start -1.625 1.625) (end -1.625 1.4) (layer F.SilkS) (width 0.15))
    (fp_line (start -1.625 -1.625) (end 1.625 -1.625) (layer F.SilkS) (width 0.15))
    (fp_line (start -1.625 1.625) (end 1.625 1.625) (layer F.SilkS) (width 0.15))
    (fp_line (start -1.625 -1.5) (end -2.7 -1.5) (layer F.SilkS) (width 0.15))
    (fp_text user %R (at 0 0) (layer F.Fab)
      (effects (font (size 0.6 0.6) (thickness 0.15)))
    )
    (pad 1 smd rect (at -2.15 -0.975) (size 1.1 0.4) (layers F.Cu F.Paste F.Mask)
      (net 134 "/UI Leds/SDA_A"))
    (pad 2 smd rect (at -2.15 -0.325) (size 1.1 0.4) (layers F.Cu F.Paste F.Mask)
      (net 3 GND))
    (pad 3 smd rect (at -2.15 0.325) (size 1.1 0.4) (layers F.Cu F.Paste F.Mask)
      (net 2 +3V3))
    (pad 4 smd rect (at -2.15 0.975) (size 1.1 0.4) (layers F.Cu F.Paste F.Mask)
      (net 131 /SDA1))
    (pad 5 smd rect (at 2.15 0.975) (size 1.1 0.4) (layers F.Cu F.Paste F.Mask)
      (net 126 /SCL1))
    (pad 6 smd rect (at 2.15 0.325) (size 1.1 0.4) (layers F.Cu F.Paste F.Mask)
      (net 187 "/UI Leds/OE"))
    (pad 7 smd rect (at 2.15 -0.325) (size 1.1 0.4) (layers F.Cu F.Paste F.Mask)
      (net 1 +5V))
    (pad 8 smd rect (at 2.15 -0.975) (size 1.1 0.4) (layers F.Cu F.Paste F.Mask)
      (net 135 "/UI Leds/SCL_A"))
    (model ${KISYS3DMOD}/Package_SO.3dshapes/TSSOP-8_3x3mm_P0.65mm.wrl
      (at (xyz 0 0 0))
      (scale (xyz 1 1 1))
      (rotate (xyz 0 0 0))
    )
  )

  (module Sphere_lib_footprint:TestPoint (layer F.Cu) (tedit 5BB77DE0) (tstamp 5BFE53E7)
    (at 163.322 140.97)
    (path /5C0311C4)
    (fp_text reference TP17 (at 0 1.524) (layer F.SilkS) hide
      (effects (font (size 1 1) (thickness 0.15)))
    )
    (fp_text value TEST_1P (at 0 2.54) (layer F.Fab)
      (effects (font (size 1 1) (thickness 0.15)))
    )
    (pad 1 smd rect (at 0 0) (size 3.45 1.85) (layers F.Cu F.Paste F.Mask)
      (net 191 /DEBUG))
    (model /home/eiscar/Spheres/Electronics/DropKicadPartsLib/3Dshapes/s1751-46-TestPoint.stp
      (offset (xyz 0 0.85 2))
      (scale (xyz 1 1 1))
      (rotate (xyz -90 0 0))
    )
  )

